1 15999
16701 21999
22701 25999
26701 29999
30701 36000
36701 39999
40701 45999
46701 49999
50701 53999
54701 61999
62701 67999
68701 71999
72701 75999
76701 83999
84701 87999
88701 95999
96701 99999
100701 105999
106701 111999
112701 119999
120701 123999
124701 127999
128701 135999
136701 141999
142701 147999
148701 155999
156701 161999
162701 165999
166701 169999
170701 173999
174701 179999
180701 183999
184701 191999
192701 195999
196701 199999
200701 203999
204701 211999
212701 215999
216701 221999
222701 225999
226701 229999
230701 235999
236701 243999
244701 247999
248701 251999
252701 257999
258701 263999
264701 269999
270701 275999
276701 281999
282701 285999
286701 291999
292701 295999
296701 303999
304701 307999
308701 315999
316701 319999
320701 323999
324701 327999
328701 331999
332701 335999
336701 343999
344701 349999
350701 353999
354701 360000
