1 7999
8701 13999
14701 19999
20701 25999
26701 30000
30701 35999
36701 39999
40701 43999
44701 51999
52701 55999
56701 61999
62701 67999
68701 71999
72701 79999
80701 85999
86701 89999
90701 93999
94701 97999
98701 105999
106701 109999
110701 113999
114701 117999
118701 121999
122701 125999
126701 133999
134701 137999
138701 143999
144701 149999
150701 153999
154701 161999
162701 165999
166701 169999
170701 175999
176701 183999
184701 191999
192701 197999
198701 201999
202701 209999
210701 213999
214701 219999
220701 225999
226701 231999
232701 235999
236701 239999
240701 247999
248701 253999
254701 261999
262701 269999
270701 273999
274701 279999
280701 283999
284701 287999
288701 291999
292701 297999
298701 303999
304701 307999
308701 311999
312701 319999
320701 323999
324701 327999
328701 333999
334701 337999
338701 341999
342701 347999
348701 352000
