1 15999
16701 21999
22701 27999
28701 33999
34701 38000
38701 41999
42701 49999
50701 55999
56701 59999
60701 65999
66701 69999
70701 75999
76701 79999
80701 83999
84701 87999
88701 95999
96701 101999
102701 107999
108701 111999
112701 115999
116701 121999
122701 125999
126701 131999
132701 135999
136701 139999
140701 143999
144701 151999
152701 159999
160701 165999
166701 169999
170701 173999
174701 177999
178701 183999
184701 191999
192701 197999
198701 201999
202701 209999
210701 213999
214701 217999
218701 225999
226701 229999
230701 233999
234701 239999
240701 243999
244701 247999
248701 251999
252701 255999
256701 259999
260701 265999
266701 269999
270701 277999
278701 281999
282701 289999
290701 295999
296701 301999
302701 305999
306701 309999
310701 313999
314701 317999
318701 325999
326701 333999
334701 339999
340701 347999
348701 353999
354701 360000
