1 9999
10701 15999
16701 19999
20701 23999
24701 30000
30701 33999
34701 39999
40701 43999
44701 47999
48701 55999
56701 61999
62701 65999
66701 69999
70701 77999
78701 81999
82701 89999
90701 93999
94701 99999
100701 105999
106701 113999
114701 117999
118701 121999
122701 129999
130701 135999
136701 141999
142701 149999
150701 155999
156701 159999
160701 163999
164701 167999
168701 173999
174701 177999
178701 185999
186701 189999
190701 193999
194701 197999
198701 205999
206701 209999
210701 215999
216701 219999
220701 223999
224701 229999
230701 237999
238701 241999
242701 245999
246701 251999
252701 257999
258701 263999
264701 269999
270701 275999
276701 279999
280701 285999
286701 289999
290701 297999
298701 301999
302701 309999
310701 313999
314701 317999
318701 321999
322701 325999
326701 329999
330701 337999
338701 343999
344701 347999
348701 354000
