1 15999
16701 21999
22701 27999
28701 33999
34701 38000
38701 43999
44701 47999
48701 51999
52701 59999
60701 63999
64701 69999
70701 75999
76701 79999
80701 87999
88701 93999
94701 97999
98701 101999
102701 105999
106701 113999
114701 117999
118701 121999
122701 125999
126701 129999
130701 133999
134701 141999
142701 145999
146701 151999
152701 157999
158701 161999
162701 169999
170701 173999
174701 177999
178701 183999
184701 191999
192701 199999
200701 205999
206701 209999
210701 217999
218701 221999
222701 227999
228701 233999
234701 239999
240701 243999
244701 247999
248701 255999
256701 261999
262701 269999
270701 277999
278701 281999
282701 287999
288701 291999
292701 295999
296701 299999
300701 305999
306701 311999
312701 315999
316701 319999
320701 327999
328701 331999
332701 335999
336701 341999
342701 345999
346701 349999
350701 355999
356701 360000
