1 9999
10701 15999
16701 21999
22701 27999
28701 32000
32701 37999
38701 41999
42701 45999
46701 53999
54701 57999
58701 63999
64701 69999
70701 73999
74701 81999
82701 87999
88701 91999
92701 95999
96701 99999
100701 107999
108701 111999
112701 115999
116701 119999
120701 123999
124701 127999
128701 135999
136701 139999
140701 145999
146701 151999
152701 155999
156701 163999
164701 167999
168701 171999
172701 177999
178701 185999
186701 193999
194701 199999
200701 203999
204701 211999
212701 215999
216701 221999
222701 227999
228701 233999
234701 237999
238701 241999
242701 249999
250701 255999
256701 263999
264701 271999
272701 275999
276701 281999
282701 285999
286701 289999
290701 293999
294701 299999
300701 305999
306701 309999
310701 313999
314701 321999
322701 325999
326701 329999
330701 335999
336701 339999
340701 343999
344701 349999
350701 354000
