1 7999
8501 17999
18501 21999
22501 31999
32501 35999
36501 39999
40501 43999
44501 51999
52501 55999
56501 59999
60501 64000
64501 67999
68501 71999
72501 75999
76501 83999
84501 89999
90501 95999
96501 99999
100501 109999
110501 113999
114501 121999
122501 127999
128501 133999
134501 139999
140501 143999
144501 147999
148501 151999
152501 157999
158501 163999
164501 167999
168501 173999
174501 177999
178501 181999
182501 189999
190501 199999
200501 203999
204501 211999
212501 217999
218501 221999
222501 229999
230501 235999
236501 239999
240501 243999
244501 249999
250501 255999
256501 263999
264501 273999
274501 277999
278501 281999
282501 285999
286501 289999
290501 293999
294501 303999
304501 307999
308501 315999
316501 321999
322501 327999
328501 335999
336501 341999
342501 349999
350501 355999
356501 363999
364501 373999
374501 377999
378501 385999
386501 391999
392501 397999
398501 403999
404501 413999
414501 419999
420501 425999
426501 431999
432501 437999
438501 441999
442501 449999
450501 457999
458501 465999
466501 473999
474501 479999
480501 483999
484501 488000
