1 9999
10701 13999
14701 17999
18701 23999
24701 32000
32701 35999
36701 39999
40701 45999
46701 49999
50701 53999
54701 57999
58701 63999
64701 69999
70701 73999
74701 81999
82701 87999
88701 95999
96701 99999
100701 103999
104701 109999
110701 115999
116701 121999
122701 125999
126701 131999
132701 137999
138701 143999
144701 147999
148701 151999
152701 157999
158701 161999
162701 165999
166701 169999
170701 173999
174701 179999
180701 185999
186701 191999
192701 197999
198701 201999
202701 205999
206701 209999
210701 217999
218701 223999
224701 227999
228701 235999
236701 239999
240701 243999
244701 251999
252701 255999
256701 259999
260701 263999
264701 267999
268701 271999
272701 279999
280701 287999
288701 291999
292701 295999
296701 303999
304701 307999
308701 315999
316701 321999
322701 327999
328701 335999
336701 341999
342701 345999
346701 354000
