1 15999
16701 19999
20701 23999
24701 29999
30701 38000
38701 41999
42701 45999
46701 51999
52701 55999
56701 59999
60701 63999
64701 69999
70701 75999
76701 79999
80701 87999
88701 93999
94701 101999
102701 105999
106701 109999
110701 115999
116701 121999
122701 127999
128701 131999
132701 137999
138701 143999
144701 149999
150701 153999
154701 157999
158701 163999
164701 167999
168701 171999
172701 175999
176701 179999
180701 185999
186701 191999
192701 197999
198701 203999
204701 207999
208701 211999
212701 215999
216701 223999
224701 229999
230701 233999
234701 241999
242701 245999
246701 249999
250701 257999
258701 261999
262701 265999
266701 269999
270701 273999
274701 277999
278701 285999
286701 293999
294701 297999
298701 301999
302701 309999
310701 313999
314701 321999
322701 327999
328701 333999
334701 341999
342701 347999
348701 351999
352701 360000
