1 9999
10701 15999
16701 21999
22701 27999
28701 32000
32701 35999
36701 43999
44701 49999
50701 53999
54701 59999
60701 63999
64701 69999
70701 73999
74701 77999
78701 81999
82701 89999
90701 95999
96701 101999
102701 105999
106701 109999
110701 115999
116701 119999
120701 125999
126701 129999
130701 133999
134701 137999
138701 145999
146701 153999
154701 159999
160701 163999
164701 167999
168701 171999
172701 177999
178701 185999
186701 191999
192701 195999
196701 203999
204701 207999
208701 211999
212701 219999
220701 223999
224701 227999
228701 233999
234701 237999
238701 241999
242701 245999
246701 249999
250701 253999
254701 259999
260701 263999
264701 271999
272701 275999
276701 283999
284701 289999
290701 295999
296701 299999
300701 303999
304701 307999
308701 311999
312701 319999
320701 327999
328701 333999
334701 341999
342701 347999
348701 354000
